8
6 0.005 -9.706283 1.0E-4
-0.54764557 5.5198717 6.6398273 1.3874946 4.9837375 0.25308356 
6 0.005 -15.579489 1.0E-4
-5.201857 7.543671 10.878657 5.143149 3.583721 7.0260625 
6 0.005 -6.408214 1.0E-4
1.1593174 4.905124 2.444281 1.5069896 4.104934 1.948233 
6 0.005 -4.1830754 1.0E-4
3.314572 3.2441225 -2.3760915 2.5767407 -2.3476167 -0.13272683 
6 0.005 7.710825 1.0E-4
1.646062 -3.4976053 -7.5698967 -0.8465505 -3.947278 -0.13587622 
6 0.005 -11.171614 1.0E-4
2.2692902 7.7460256 -0.44659904 9.015239 3.8247402 0.42498598 
6 0.005 4.452305 1.0E-4
-0.21766722 -1.5827868 -2.4311748 -2.657562 -2.5961223 -2.1873324 
6 0.005 1.2556254 1.0E-4
-1.1907753 -1.0230749 2.5547142 -3.2845223 -0.7066816 0.25778368 
8 0.005 7.2768474 1.0E-4
-3.8496916 -4.918338 -4.50184 0.42817244 -1.7629635 -7.1577234 -1.125656 -1.5396765 
8 0.005 -1.176035 1.0E-4
2.251784 5.6269126 3.7427108 -1.9584419 -2.1123598 2.1346257 -0.5891093 1.5441463 
8 0.005 0.022289002 1.0E-4
-2.0294948 -2.1979666 0.7928869 2.7632785 1.8478861 6.395693 -0.67598134 -4.9249005 
8 0.005 -1.0589844 1.0E-4
-2.7056735 -5.19596 -0.8403063 4.2516375 4.580466 1.4074272 0.08827204 -1.7502398 
8 0.005 -8.300674 1.0E-4
4.3034983 5.9154854 4.926385 -0.3358876 2.1299903 7.4013405 2.680644 1.6726667 

